-0.000946044921875000
-0.000274658203125000
0.000396728515625000
-0.000213623046875000
-0.000335693359375000
-0.000518798828125000
-0.000579833984375000
-0.000640869140625000
-0.000457763671875000
-0.000152587890625000
-0.000579833984375000
-0.000823974609375000
-0.000518798828125000
3.05175781250000e-05
0
0.000366210937500000
0.000152587890625000
-0.000335693359375000
-0.000457763671875000
0.000122070312500000
0
0.000122070312500000
0.000122070312500000
0.000152587890625000
0.000244140625000000
-0.000457763671875000
-0.000457763671875000
-0.00125122070312500
-0.000701904296875000
-0.00106811523437500
-0.000701904296875000
-0.000823974609375000
-0.000946044921875000
-0.000640869140625000
-0.000946044921875000
-0.000579833984375000
-0.000457763671875000
0.000732421875000000
0.000244140625000000
-0.000152587890625000
0.000152587890625000
0.000396728515625000
0.00115966796875000
0.000366210937500000
0.000244140625000000
0.000122070312500000
0.000610351562500000
0.000885009765625000
0.000122070312500000
0.000732421875000000
0.000488281250000000
0.000488281250000000
0.00134277343750000
0.000610351562500000
3.05175781250000e-05
0.000366210937500000
0.000732421875000000
0.000244140625000000
0.000732421875000000
0.000488281250000000
0.000396728515625000
0.000518798828125000
0.000762939453125000
0.00115966796875000
0.000976562500000000
0.000518798828125000
0.000518798828125000
-0.000213623046875000
-0.000213623046875000
-0.000701904296875000
-0.00100708007812500
-0.000640869140625000
-0.000274658203125000
-0.000579833984375000
-0.000640869140625000
-0.000579833984375000
-0.000335693359375000
-0.000579833984375000
-0.000213623046875000
0
-0.000152587890625000
-0.000152587890625000
0.000396728515625000
0.000366210937500000
-0.000213623046875000
-0.000457763671875000
0.000518798828125000
0.00158691406250000
0.00225830078125000
0.00231933593750000
0.00231933593750000
0.00256347656250000
0.00201416015625000
0.00268554687500000
0.00314331054687500
0.00338745117187500
0.00299072265625000
0.00338745117187500
0.00268554687500000
0.00268554687500000
0.00280761718750000
0.00238037109375000
0.00305175781250000
0.00262451171875000
0.00225830078125000
0.00262451171875000
0.00268554687500000
0.00280761718750000
0.00369262695312500
0.00448608398437500
0.00473022460937500
0.00552368164062500
0.00756835937500000
0.00949096679687500
0.0108642578125000
0.0117187500000000
0.0131835937500000
0.0144958496093750
0.0154113769531250
0.0140380859375000
0.0118408203125000
0.0119018554687500
0.0136413574218750
0.0119018554687500
0.00714111328125000
0.00671386718750000
0.00527954101562500
0.00732421875000000
0.0206604003906250
0.0155944824218750
-0.00570678710937500
0.000610351562500000
0.00985717773437500
0.0502014160156250
0.0347595214843750
-0.0484313964843750
0.0466613769531250
0.125732421875000
-0.0869750976562500
-0.135894775390625
-0.0127868652343750
-0.0721435546875000
-0.0481262207031250
0.0204772949218750
0.00375366210937500
0.0836486816406250
0.219909667968750
0.288635253906250
0.279388427734375
0.209716796875000
0.0940856933593750
-0.0356750488281250
-0.142883300781250
-0.168365478515625
-0.159790039062500
-0.200805664062500
-0.244323730468750
-0.239776611328125
-0.151458740234375
-0.152252197265625
-0.205688476562500
-0.258422851562500
-0.363098144531250
-0.355560302734375
-0.337951660156250
-0.338653564453125
-0.217651367187500
-0.0147094726562500
0.136901855468750
0.219482421875000
0.323425292968750
0.403839111328125
0.388702392578125
0.316680908203125
0.236755371093750
0.145477294921875
0.0810546875000000
0.101684570312500
0.0964355468750000
0.0798339843750000
0.0630187988281250
0.0105895996093750
0.0210876464843750
0.0358581542968750
0.00793457031250000
-0.0521545410156250
-0.0844421386718750
-0.105682373046875
-0.162933349609375
-0.153167724609375
-0.0995178222656250
-0.0304565429687500
0.0408630371093750
0.100769042968750
0.160064697265625
0.213653564453125
0.227416992187500
0.188598632812500
0.139495849609375
0.0758666992187500
0.0228271484375000
-0.0497436523437500
-0.106323242187500
-0.108276367187500
-0.108917236328125
-0.0946960449218750
-0.0704956054687500
-0.0489807128906250
-0.0504760742187500
-0.0875244140625000
-0.127075195312500
-0.187072753906250
-0.238769531250000
-0.228515625000000
-0.173889160156250
-0.0972900390625000
-0.00680541992187500
0.0885314941406250
0.157714843750000
0.198913574218750
0.202178955078125
0.174560546875000
0.141479492187500
0.0903930664062500
0.0602416992187500
0.0324707031250000
0.0304260253906250
0.0578918457031250
0.0611267089843750
0.0592651367187500
0.0543212890625000
0.0315551757812500
-0.0299072265625000
-0.0869140625000000
-0.111755371093750
-0.132354736328125
-0.152130126953125
-0.153259277343750
-0.102233886718750
-0.0502929687500000
-0.0426940917968750
-0.0151062011718750
0.0680236816406250
0.0601196289062500
0.0181274414062500
0.0865478515625000
0.0744018554687500
-0.0153503417968750
0.0324707031250000
0.0519714355468750
0.0195007324218750
0.0514221191406250
0.0155334472656250
-0.0222473144531250
-0.000335693359375000
-0.0186767578125000
-0.0193481445312500
-0.0386962890625000
-0.101257324218750
-0.108795166015625
-0.107788085937500
-0.121948242187500
-0.0751342773437500
-0.0506591796875000
-0.0595703125000000
-0.0282897949218750
0.0148010253906250
0.0702514648437500
0.0937805175781250
0.0784912109375000
0.0754394531250000
0.0532226562500000
0.0411071777343750
0.0587158203125000
0.0649414062500000
0.0577697753906250
0.0631103515625000
0.0391235351562500
0.0256652832031250
0.0387573242187500
0.0170288085937500
-0.0207214355468750
-0.0420227050781250
-0.0846862792968750
-0.108947753906250
-0.0771484375000000
-0.0705566406250000
-0.0608520507812500
-0.00595092773437500
0.0473327636718750
0.0514221191406250
0.0711975097656250
0.0637817382812500
0.0291442871093750
0.0241394042968750
0.0234985351562500
0.0313415527343750
0.0301818847656250
0.0280151367187500
0.0272827148437500
0.0158996582031250
0.00164794921875000
0.00549316406250000
-0.00866699218750000
-0.0539550781250000
-0.0726318359375000
-0.0813598632812500
-0.0919189453125000
-0.0689392089843750
-0.0535583496093750
-0.0466613769531250
-0.0158996582031250
0.0137634277343750
0.0347595214843750
0.0517883300781250
0.0516052246093750
0.0415344238281250
0.0335083007812500
0.0285034179687500
0.0391845703125000
0.0514221191406250
0.0454406738281250
0.0426635742187500
0.0336303710937500
0.00894165039062500
0.00750732421875000
0.00827026367187500
-0.0143432617187500
-0.0262756347656250
-0.0357055664062500
-0.0576477050781250
-0.0637512207031250
-0.0585021972656250
-0.0538635253906250
-0.0392456054687500
-0.0282897949218750
-0.0160217285156250
-0.00292968750000000
-0.00250244140625000
0.00732421875000000
0.0169677734375000
0.00866699218750000
0.0137634277343750
0.0272216796875000
0.0196228027343750
0.0221557617187500
0.0195007324218750
0.00549316406250000
0.0134277343750000
0.0133056640625000
0.00497436523437500
0.00955200195312500
0.00146484375000000
-0.0197143554687500
-0.0314025878906250
-0.0416564941406250
-0.0440673828125000
-0.0368957519531250
-0.0286865234375000
-0.0126647949218750
-0.0119323730468750
-0.00750732421875000
0.00207519531250000
0.00393676757812500
0.0103454589843750
0.0169067382812500
0.0123291015625000
0.0143127441406250
0.0170898437500000
0.0169677734375000
0.0275268554687500
0.0227661132812500
0.0187683105468750
0.0245666503906250
0.0181274414062500
0.0122070312500000
0.00601196289062500
-0.00378417968750000
-0.0137329101562500
-0.0147705078125000
-0.0164489746093750
-0.0131835937500000
-0.00167846679687500
0.00701904296875000
0.00601196289062500
0.000885009765625000
0.00985717773437500
0.0100402832031250
0.00854492187500000
0.0172729492187500
0.0181274414062500
0.0190429687500000
0.0221557617187500
0.0215759277343750
0.00991821289062500
0.00521850585937500
0.00888061523437500
0.00225830078125000
-0.00933837890625000
-0.00341796875000000
-0.00601196289062500
-0.0191040039062500
-0.0136718750000000
-0.0108947753906250
-0.0181579589843750
-0.0122985839843750
-0.00897216796875000
-0.00973510742187500
-0.00619506835937500
-0.0130615234375000
0.00491333007812500
0.0119018554687500
0.0117187500000000
0.0379028320312500
0.0297546386718750
0.0246887207031250
0.0280761718750000
0.0169067382812500
0.0169067382812500
0.00997924804687500
0.00225830078125000
0.00646972656250000
-0.00119018554687500
-0.00631713867187500
0.00628662109375000
-0.00576782226562500
-0.0119323730468750
-0.0228881835937500
-0.0310363769531250
-0.0119934082031250
-0.0289916992187500
-0.0386962890625000
-0.0191650390625000
-0.0177612304687500
-0.0145874023437500
-0.00680541992187500
-0.00497436523437500
0.00344848632812500
0.00115966796875000
0.00424194335937500
0.00238037109375000
-0.0265808105468750
-0.0148315429687500
0.00906372070312500
0.000762939453125000
0.00317382812500000
0.0135498046875000
0.000152587890625000
-0.00396728515625000
0.00207519531250000
0.00515747070312500
0.0137634277343750
0.00787353515625000
0.00671386718750000
0.00573730468750000
0.00448608398437500
0.0158996582031250
0.0201110839843750
0.00900268554687500
0.00695800781250000
0.0130004882812500
0.00900268554687500
0.0105895996093750
0.0115966796875000
0.00442504882812500
-0.00521850585937500
-0.0141601562500000
-0.0191040039062500
-0.0186157226562500
-0.0225524902343750
-0.0230407714843750
-0.0124206542968750
-0.0203552246093750
-0.0206604003906250
-0.00570678710937500
-0.00292968750000000
-0.00643920898437500
-0.00473022460937500
-0.0122985839843750
-0.00976562500000000
-0.00451660156250000
0.00164794921875000
0.0228271484375000
0.0305480957031250
0.0320434570312500
0.0349426269531250
0.0313415527343750
0.0252990722656250
0.0227661132812500
0.0177612304687500
0.00881958007812500
0.00305175781250000
0.00683593750000000
0.00628662109375000
0.00744628906250000
0.00894165039062500
0.00109863281250000
0.000122070312500000
-0.00286865234375000
-0.0119934082031250
-0.0163269042968750
-0.0174255371093750
-0.0198364257812500
-0.0183105468750000
-0.0200805664062500
-0.0155944824218750
-0.00238037109375000
-0.000640869140625000
-0.00460815429687500
-0.00521850585937500
-0.00534057617187500
-0.00192260742187500
-0.00268554687500000
-0.00305175781250000
0.00329589843750000
0.000244140625000000
-0.00292968750000000
0.00122070312500000
0.00329589843750000
0.00268554687500000
0.00460815429687500
0.00738525390625000
0.00677490234375000
0.00552368164062500
0.00683593750000000
0.00344848632812500
-0.00192260742187500
-0.00354003906250000
-0.00451660156250000
-0.00613403320312500
-0.00238037109375000
0.00274658203125000
0.00588989257812500
0.00924682617187500
0.00961303710937500
0.00756835937500000
0.00430297851562500
0.00405883789062500
0.00189208984375000
-0.00485229492187500
-0.00601196289062500
-0.00564575195312500
-0.00390625000000000
0.000122070312500000
0.00299072265625000
0.000976562500000000
-0.00231933593750000
-0.00717163085937500
-0.0127563476562500
-0.0144653320312500
-0.0162658691406250
-0.0159606933593750
-0.0110778808593750
-0.00756835937500000
-0.00497436523437500
-0.000335693359375000
0.00292968750000000
0.00598144531250000
0.00497436523437500
0.00350952148437500
0.00515747070312500
0.00479125976562500
0.00491333007812500
0.00665283203125000
0.00738525390625000
0.00775146484375000
0.0102844238281250
0.00949096679687500
0.00888061523437500
0.00854492187500000
0.00573730468750000
0.00274658203125000
0.00109863281250000
-0.000457763671875000
-0.000579833984375000
0.000396728515625000
0.00109863281250000
0.00238037109375000
0.00305175781250000
0.00357055664062500
0.00357055664062500
0.00357055664062500
0.00238037109375000
0.000610351562500000
0.000152587890625000
-0.00173950195312500
-0.00256347656250000
-0.00274658203125000
-0.00286865234375000
-0.00378417968750000
-0.00378417968750000
-0.00238037109375000
-0.00155639648437500
-0.00256347656250000
-0.00323486328125000
-0.00329589843750000
-0.00500488281250000
-0.00601196289062500
-0.00390625000000000
-0.000946044921875000
0.000610351562500000
0.000976562500000000
0.00305175781250000
0.00515747070312500
0.00601196289062500
0.00851440429687500
0.00781250000000000
0.00521850585937500
0.00357055664062500
0.00164794921875000
0.000976562500000000
0.000976562500000000
-0.000274658203125000
-0.00192260742187500
-0.00292968750000000
-0.00360107421875000
-0.00463867187500000
-0.00558471679687500
-0.00582885742187500
-0.00714111328125000
-0.0100097656250000
-0.0112609863281250
-0.0104064941406250
-0.00939941406250000
-0.00613403320312500
-0.00244140625000000
-0.000335693359375000
0.000854492187500000
0.00164794921875000
0.00225830078125000
0.00515747070312500
0.00708007812500000
0.00561523437500000
0.00405883789062500
0.00485229492187500
0.00598144531250000
0.00646972656250000
0.00491333007812500
0.00344848632812500
0.000732421875000000
-0.00173950195312500
-0.00329589843750000
-0.00540161132812500
-0.00692749023437500
-0.00741577148437500
-0.00741577148437500
-0.00686645507812500
-0.00582885742187500
-0.00354003906250000
-0.00219726562500000
-0.00143432617187500
-0.00125122070312500
-0.00155639648437500
-0.000579833984375000
0.00256347656250000
0.00473022460937500
0.00549316406250000
0.00585937500000000
0.00634765625000000
0.00701904296875000
0.00634765625000000
0.00491333007812500
0.00292968750000000
0.000518798828125000
-0.00125122070312500
-0.00192260742187500
-0.00341796875000000
-0.00546264648437500
-0.00576782226562500
-0.00656127929687500
-0.00668334960937500
-0.00643920898437500
-0.00527954101562500
-0.00427246093750000
-0.00427246093750000
-0.00305175781250000
0
0.00189208984375000
0.00369262695312500
0.00585937500000000
0.00628662109375000
0.00683593750000000
0.00793457031250000
0.00881958007812500
0.00918579101562500
0.00827026367187500
0.00744628906250000
0.00628662109375000
0.00509643554687500
0.00381469726562500
0.000762939453125000
-0.00219726562500000
-0.00415039062500000
-0.00607299804687500
-0.00643920898437500
-0.00558471679687500
-0.00473022460937500
-0.00424194335937500
-0.00305175781250000
-0.00274658203125000
-0.00286865234375000
-0.00207519531250000
-0.000335693359375000
0.000854492187500000
0.00115966796875000
0.00219726562500000
0.00424194335937500
0.00515747070312500
0.00485229492187500
0.00515747070312500
0.00521850585937500
0.00448608398437500
0.00268554687500000
0.000518798828125000
-0.000152587890625000
-0.00155639648437500
-0.00244140625000000
-0.00198364257812500
-0.00173950195312500
-0.00250244140625000
-0.00274658203125000
-0.00286865234375000
-0.00192260742187500
-0.00231933593750000
-0.00244140625000000
-0.00119018554687500
3.05175781250000e-05
0.000366210937500000
0.000610351562500000
0.000518798828125000
0.000610351562500000
0.00146484375000000
0.00219726562500000
0.00238037109375000
0.00183105468750000
0.00128173828125000
0.000488281250000000
-0.000518798828125000
-0.000946044921875000
-0.00143432617187500
-0.00198364257812500
-0.00207519531250000
-0.00180053710937500
-0.00280761718750000
-0.00268554687500000
-0.00155639648437500
-0.000946044921875000
-0.00161743164062500
-0.00137329101562500
-0.000335693359375000
-0.000152587890625000
-0.000152587890625000
0.000396728515625000
0.00134277343750000
0.00201416015625000