0.000610351562500000
0.000488281250000000
0.000396728515625000
0.000274658203125000
0.000366210937500000
0.000488281250000000
0.000518798828125000
0.000610351562500000
0.000366210937500000
0.000518798828125000
0.000518798828125000
0.000396728515625000
0.000488281250000000
-9.15527343750000e-05
3.05175781250000e-05
0.000274658203125000
3.05175781250000e-05
0.000244140625000000
0.000274658203125000
3.05175781250000e-05
-0.000457763671875000
-0.000274658203125000
-0.000579833984375000
-9.15527343750000e-05
3.05175781250000e-05
-0.000885009765625000
-0.000885009765625000
-0.000640869140625000
-0.000274658203125000
-0.000823974609375000
-0.000762939453125000
-0.000885009765625000
-0.000701904296875000
-0.000701904296875000
-9.15527343750000e-05
0.000152587890625000
-0.000152587890625000
0
-0.000213623046875000
0.000152587890625000
0.000366210937500000
0.000640869140625000
0.000396728515625000
0.000274658203125000
0.000610351562500000
0.00103759765625000
0.000885009765625000
0.000610351562500000
0.000885009765625000
0.000640869140625000
0.000488281250000000
0.000244140625000000
0.000366210937500000
0.000274658203125000
0
0.000122070312500000
0.000396728515625000
-0.000396728515625000
-0.000457763671875000
-0.000396728515625000
-0.000274658203125000
-0.000274658203125000
-0.000579833984375000
-0.000457763671875000
-0.000152587890625000
-0.000152587890625000
0.000274658203125000
0.000244140625000000
0
0.000396728515625000
0.000366210937500000
0.000122070312500000
-9.15527343750000e-05
0.000274658203125000
-9.15527343750000e-05
3.05175781250000e-05
0.000122070312500000
0
0.000366210937500000
0.000274658203125000
-0.000213623046875000
-0.000396728515625000
3.05175781250000e-05
0.000488281250000000
0.000244140625000000
0.000274658203125000
-9.15527343750000e-05
0.000152587890625000
0.000640869140625000
0.000762939453125000
0.00128173828125000
0.00207519531250000
0.00219726562500000
0.00207519531250000
0.00225830078125000
0.00256347656250000
0.00250244140625000
0.00231933593750000
0.00219726562500000
0.00238037109375000
0.00231933593750000
0.00219726562500000
0.00244140625000000
0.00244140625000000
0.00244140625000000
0.00262451171875000
0.00329589843750000
0.00381469726562500
0.00387573242187500
0.00418090820312500
0.00466918945312500
0.00540161132812500
0.00677490234375000
0.00830078125000000
0.00888061523437500
0.0100402832031250
0.0111694335937500
0.0115966796875000
0.0117187500000000
0.0114746093750000
0.00949096679687500
0.00924682617187500
0.0102233886718750
0.00839233398437500
0.00479125976562500
0.00460815429687500
0.00338745117187500
0.00170898437500000
0.0114135742187500
0.0137634277343750
-0.00811767578125000
-0.00878906250000000
0.00448608398437500
0.0260314941406250
0.0365600585937500
-0.0303344726562500
-0.00903320312500000
0.112121582031250
-0.0192871093750000
-0.155090332031250
-0.00509643554687500
-0.0270080566406250
-0.107116699218750
0.0558776855468750
0.0415954589843750
-0.0343017578125000
0.176361083984375
0.302795410156250
0.183532714843750
0.106689453125000
0.0781555175781250
0.00442504882812500
-0.0911254882812500
-0.138610839843750
-0.0986633300781250
-0.0895080566406250
-0.138488769531250
-0.145721435546875
-0.118835449218750
-0.154541015625000
-0.189117431640625
-0.186828613281250
-0.292083740234375
-0.403869628906250
-0.307342529296875
-0.146026611328125
-0.111816406250000
-0.0443725585937500
0.0853271484375000
0.167907714843750
0.275115966796875
0.361145019531250
0.327728271484375
0.289428710937500
0.296905517578125
0.229034423828125
0.149871826171875
0.0959472656250000
0.0477294921875000
0.0582885742187500
0.0783386230468750
0.0217895507812500
-0.0533142089843750
-0.0588684082031250
-0.0840148925781250
-0.168365478515625
-0.214263916015625
-0.210754394531250
-0.214447021484375
-0.222290039062500
-0.185546875000000
-0.120330810546875
-0.0440673828125000
0.0559387207031250
0.124237060546875
0.186737060546875
0.224639892578125
0.213897705078125
0.204101562500000
0.159637451171875
0.0886535644531250
0.0340576171875000
0.0373229980468750
0.0421752929687500
0.0178833007812500
0.0287475585937500
0.0440673828125000
0.00866699218750000
-0.0460510253906250
-0.0930175781250000
-0.165466308593750
-0.208648681640625
-0.215820312500000
-0.230010986328125
-0.200073242187500
-0.144287109375000
-0.0721435546875000
0.0295104980468750
0.0945739746093750
0.119415283203125
0.147827148437500
0.146270751953125
0.108062744140625
0.0772399902343750
0.0700683593750000
0.0752563476562500
0.0829162597656250
0.0909423828125000
0.0998229980468750
0.0924377441406250
0.0666809082031250
0.0485839843750000
-0.00500488281250000
-0.0916748046875000
-0.124145507812500
-0.132202148437500
-0.160644531250000
-0.165344238281250
-0.132232666015625
-0.0857849121093750
-0.0581970214843750
-0.0441894531250000
0.0251159667968750
0.0394287109375000
-0.0155334472656250
0.0512390136718750
0.0742187500000000
-0.0355529785156250
0.00762939453125000
0.101013183593750
0.0456237792968750
0.0382080078125000
0.0581054687500000
0.0169067382812500
0.0214538574218750
0.0264587402343750
0.00787353515625000
-0.0271301269531250
-0.0895080566406250
-0.0939025878906250
-0.0616455078125000
-0.0719909667968750
-0.0584411621093750
-0.0186157226562500
-0.0209045410156250
-0.0126342773437500
0.0261535644531250
0.0582885742187500
0.0696411132812500
0.0420837402343750
0.0145568847656250
0.0101623535156250
0.0146789550781250
0.0257873535156250
0.0257263183593750
0.0140075683593750
0.0178222656250000
0.0183105468750000
0.0207214355468750
0.0180053710937500
-0.00588989257812500
-0.0344848632812500
-0.0486145019531250
-0.0703125000000000
-0.0888977050781250
-0.0406799316406250
-0.0173950195312500
-0.0161437988281250
0.0219116210937500
0.0558776855468750
0.0534057617187500
0.0715026855468750
0.108001708984375
0.0695190429687500
0.0203552246093750
0.0133056640625000
0.0195617675781250
0.00387573242187500
0.00894165039062500
0.0419006347656250
0.0282592773437500
-0.00762939453125000
-0.0142211914062500
-0.0157165527343750
-0.0401000976562500
-0.0817871093750000
-0.109191894531250
-0.117248535156250
-0.103332519531250
-0.0706787109375000
-0.0425720214843750
-0.0165710449218750
0.000610351562500000
0.0165405273437500
0.0289306640625000
0.0404968261718750
0.0502319335937500
0.0497131347656250
0.0362243652343750
0.0298767089843750
0.0422058105468750
0.0466003417968750
0.0555725097656250
0.0640869140625000
0.0449523925781250
0.0346374511718750
0.0274658203125000
-0.00448608398437500
-0.0207824707031250
-0.0245361328125000
-0.0446777343750000
-0.0599975585937500
-0.0552978515625000
-0.0585021972656250
-0.0543518066406250
-0.0301513671875000
-0.0154113769531250
-0.0119323730468750
-0.00262451171875000
0.0205383300781250
0.0283203125000000
0.0201721191406250
0.0154113769531250
0.0163574218750000
0.0172119140625000
0.0168457031250000
0.0229492187500000
0.0307312011718750
0.0347595214843750
0.0336914062500000
0.0220336914062500
0.00967407226562500
0.00466918945312500
-0.0127868652343750
-0.0331115722656250
-0.0386962890625000
-0.0476379394531250
-0.0580749511718750
-0.0478820800781250
-0.0376281738281250
-0.0326843261718750
-0.0110168457031250
0.00552368164062500
0.000488281250000000
-0.00366210937500000
-0.00769042968750000
-0.0161437988281250
-0.00750732421875000
-0.00161743164062500
-0.000457763671875000
0.0176391601562500
0.0324096679687500
0.0343017578125000
0.0324096679687500
0.0251770019531250
0.0197448730468750
0.0209655761718750
0.00534057617187500
-0.00985717773437500
-0.00354003906250000
-0.00347900390625000
-0.00595092773437500
0.00195312500000000
0.0117187500000000
0.0123901367187500
0.0164794921875000
0.0166015625000000
0.00610351562500000
-0.000274658203125000
-0.000335693359375000
-0.00402832031250000
-0.00451660156250000
0.00231933593750000
0.00103759765625000
0.00326538085937500
0.00634765625000000
0.000854492187500000
-0.00686645507812500
-0.00885009765625000
-0.00686645507812500
-0.00836181640625000
-0.00985717773437500
-0.00607299804687500
-0.00396728515625000
-0.00546264648437500
0.00436401367187500
0.000610351562500000
0.00274658203125000
0.0224609375000000
0.0169067382812500
0.0115356445312500
0.0228881835937500
0.0154724121093750
0.0159606933593750
0.0193786621093750
0.00967407226562500
0.0148010253906250
0.00695800781250000
0.00442504882812500
0.00720214843750000
-0.00903320312500000
-0.00637817382812500
-0.00439453125000000
-0.0217590332031250
-0.0130615234375000
-0.00692749023437500
-0.0253295898437500
-0.0359191894531250
-0.0370178222656250
-0.00161743164062500
-0.00637817382812500
-0.0419616699218750
0.00350952148437500
0.0158996582031250
-0.0113830566406250
0.00473022460937500
0.00164794921875000
-0.00149536132812500
0.0115966796875000
0.0117797851562500
0.00677490234375000
-0.00933837890625000
-0.00225830078125000
0.0249938964843750
0.00201416015625000
-0.00476074218750000
0.0164794921875000
-0.00311279296875000
-0.00793457031250000
3.05175781250000e-05
-0.0101623535156250
0.00491333007812500
0.00616455078125000
-0.00680541992187500
0.00701904296875000
0.0148010253906250
0.0238952636718750
0.0192565917968750
-0.000885009765625000
0.00601196289062500
0.0160217285156250
0.00491333007812500
0.00405883789062500
0.00732421875000000
-0.00149536132812500
-0.00390625000000000
-0.0130615234375000
-0.0196533203125000
-0.0143432617187500
-0.0243530273437500
-0.0267639160156250
-0.0171203613281250
-0.0137329101562500
-0.0158386230468750
-0.0143432617187500
-0.000640869140625000
0.00436401367187500
0.00314331054687500
0.00564575195312500
0.0101623535156250
0.0105895996093750
0.00863647460937500
0.0163574218750000
0.0254821777343750
0.0245056152343750
0.0234375000000000
0.0250549316406250
0.0179443359375000
0.0107727050781250
0.00750732421875000
-0.00564575195312500
-0.00738525390625000
-0.00192260742187500
-0.0110778808593750
-0.00976562500000000
-0.00161743164062500
-0.00588989257812500
-0.0111999511718750
-0.00485229492187500
-0.00280761718750000
-0.00692749023437500
-0.00485229492187500
-0.00167846679687500
-0.00231933593750000
-0.00631713867187500
-0.000274658203125000
0.00991821289062500
0.00640869140625000
0.00183105468750000
0.00671386718750000
0.00601196289062500
0.000366210937500000
-0.00106811523437500
-0.00588989257812500
-0.00497436523437500
-0.00143432617187500
-0.00897216796875000
-0.00793457031250000
0.000762939453125000
-0.00173950195312500
-0.00268554687500000
0.000122070312500000
0.00381469726562500
0.00714111328125000
0.00363159179687500
0.00201416015625000
0.00314331054687500
0.00369262695312500
0.00369262695312500
0.000366210937500000
0.00231933593750000
0.00961303710937500
0.00769042968750000
0.00466918945312500
0.00689697265625000
0.00665283203125000
0.00177001953125000
-0.00329589843750000
-0.00384521484375000
-0.00305175781250000
-0.00509643554687500
-0.00390625000000000
-0.00143432617187500
-0.00244140625000000
-0.00238037109375000
-0.000396728515625000
0
-0.000335693359375000
-0.00317382812500000
-0.00500488281250000
-0.00717163085937500
-0.00909423828125000
-0.00463867187500000
-0.00448608398437500
-0.00460815429687500
0.00170898437500000
0.00363159179687500
0.00183105468750000
0.00411987304687500
0.00659179687500000
0.00466918945312500
0.00262451171875000
0.00219726562500000
0.00601196289062500
0.00827026367187500
0.00671386718750000
0.0103454589843750
0.0107727050781250
0.00949096679687500
0.00973510742187500
0.00830078125000000
0.00585937500000000
0.00189208984375000
-0.00131225585937500
-0.00238037109375000
-0.00463867187500000
-0.00656127929687500
-0.00564575195312500
-0.00582885742187500
-0.00698852539062500
-0.00769042968750000
-0.00741577148437500
-0.00842285156250000
-0.0103454589843750
-0.0100097656250000
-0.00799560546875000
-0.00595092773437500
-0.00250244140625000
-0.000457763671875000
0.000122070312500000
0.00213623046875000
0.00454711914062500
0.00534057617187500
0.00573730468750000
0.00726318359375000
0.00936889648437500
0.00814819335937500
0.00540161132812500
0.00695800781250000
0.00762939453125000
0.00485229492187500
0.00405883789062500
0.00399780273437500
0.00170898437500000
-0.000396728515625000
-0.000274658203125000
-0.00119018554687500
-0.00256347656250000
-0.00280761718750000
-0.00360107421875000
-0.00366210937500000
-0.00219726562500000
-0.00250244140625000
-0.00360107421875000
-0.00451660156250000
-0.00448608398437500
-0.00341796875000000
-0.00256347656250000
-0.00186157226562500
-0.000885009765625000
-0.00173950195312500
-0.00280761718750000
-0.00329589843750000
-0.00411987304687500
-0.00173950195312500
0.000274658203125000
-0.000213623046875000
-0.000885009765625000
-0.00198364257812500
-0.00100708007812500
0.00128173828125000
0.00177001953125000
0.00128173828125000
0.000610351562500000
0.00250244140625000
0.00405883789062500
0.00314331054687500
0.00314331054687500
0.00460815429687500
0.00460815429687500
0.00329589843750000
0.00338745117187500
0.00225830078125000
0.00140380859375000
0.00292968750000000
0.00109863281250000
-0.00192260742187500
-0.00143432617187500
-0.00219726562500000
-0.00311279296875000
-0.00119018554687500
-0.00219726562500000
-0.00448608398437500
-0.00485229492187500
-0.00317382812500000
-0.00256347656250000
-0.00329589843750000
-0.00198364257812500
-0.000274658203125000
-0.000213623046875000
-0.000152587890625000
0.00115966796875000
0.00109863281250000
0.000244140625000000
0.000976562500000000
0.000885009765625000
0.000854492187500000
0.00189208984375000
0.000854492187500000
0.000152587890625000
-0.000518798828125000
-0.000885009765625000
-0.00155639648437500
-0.00238037109375000
-0.00299072265625000
-0.00250244140625000
-0.00274658203125000
-0.00268554687500000
-0.00137329101562500
0.000122070312500000
0.00158691406250000
0.00183105468750000
0.00152587890625000
0.00244140625000000
0.00280761718750000
0.00262451171875000
0.00280761718750000
0.00338745117187500
0.00369262695312500
0.00418090820312500
0.00411987304687500
0.00262451171875000
0.00189208984375000
0.00213623046875000
0.000640869140625000
-0.00143432617187500
-0.00225830078125000
-0.00192260742187500
-0.00173950195312500
-0.00280761718750000
-0.00323486328125000
-0.00155639648437500
-0.00231933593750000
-0.00305175781250000
-0.00100708007812500
-0.00137329101562500
-0.00106811523437500
-0.000579833984375000
-0.000457763671875000
-9.15527343750000e-05
0.00170898437500000
0.00244140625000000
0.00219726562500000
0.00195312500000000
0.00231933593750000
0.00238037109375000
0.00177001953125000
0.00115966796875000
0.00183105468750000
0.00231933593750000
0.000885009765625000
0.000366210937500000
0.000366210937500000
-0.00106811523437500
-0.00149536132812500
-0.00131225585937500
-0.00274658203125000
-0.00268554687500000
-0.00219726562500000
-0.00198364257812500
-0.00143432617187500
-0.000885009765625000
-0.00106811523437500
-0.00131225585937500
-0.00198364257812500
-0.00198364257812500
-0.00137329101562500
-0.00219726562500000
-0.00131225585937500
3.05175781250000e-05
0.000274658203125000
0.000396728515625000
0.000762939453125000
0.000732421875000000
0.000885009765625000
0.00128173828125000
0.00109863281250000
0.00103759765625000
0.000885009765625000
0.000885009765625000
0.000976562500000000
0.00115966796875000
0.00103759765625000
0.00128173828125000
0.000885009765625000